-1000.05      -9.35306572967263E-02                     1.38082534687105
-799.9        -9.35250047129236E-02                     1.38074189582713
-599.8        -9.35141356971698E-02                     1.38058143279947
-399.275      -9.36379600583506E-02                     1.38240949454329
-200.7        -9.38419969652166E-02                     1.38542176175963
0.4           -9.61011141078964E-02                     1.41877388717309
200.05        -0.107774834359014                        1.59111704481697
400.05        -0.120721768352172                        1.78225709599081
599.95        -0.129214300806632                        1.90763528118885
799.7         -0.129454916344664                        1.91118757135089
999.85        -0.129269028845232                        1.90844325009516
999.85        -0.129389828876862                        1.91022666261891
800           -0.129695832466256                        1.91474429913169
600.05        -0.129490619700734                        1.91171467230853
398.925       -0.129213364789908                        1.90762146245116
199.5         -0.129063961975196                        1.90541577717737
-0.9          -0.126100894910572                        1.8616709963155
-200.1        -0.114684151988643                        1.69312168359873
-400          -0.101727480143413                        1.50183786915676
-599.9        -9.33506912133584E-02                     1.37816844552261
-799.7        -9.28351910357123E-02                     1.37055793863446
-1000.15      -9.32965175159329E-02                     1.37736866054621