-1000.05      -2.61725849907961E-02                     0.386394897597848
-799.75       -2.59926556090392E-02                     0.383738538087954
-599.95       -2.57230329409485E-02                     0.379758005661999
-399.225      -2.56940365217252E-02                     0.379329921525853
-200.5        -0.025652901984537                        0.37872263816847
0.425         -2.80645226252089E-02                     0.414326225312231
199.9         -3.95954906704328E-02                     0.584561882913694
400.05        -5.26243605764986E-02                     0.776911582224646
601.125       -6.10566603241729E-02                     0.901400531201704
799.35        -0.061681356639789                        0.910623138330008
1000          -6.15126943830457E-02                     0.908133119272057
999.9         -6.18224761702679E-02                     0.912706534622259
800           -6.18852458359326E-02                     0.913633224842018
600.125       -6.20654520877845E-02                     0.9162936718806
399.25        -6.18787218336299E-02                     0.91353690874628
199.5         -6.18787218336299E-02                     0.91353690874628
-0.65         -5.93247761837989E-02                     0.875832128412815
-200.15       -4.78834997805539E-02                     0.706920619451237
-400.25       -3.47663421434235E-02                     0.513267497921353
-600          -2.64212497734458E-02                     0.390066021533903
-799.7        -2.59469592581168E-02                     0.383063907101315
-999.95       -2.58777979369413E-02                     0.382042854667146