-1000         -0.197737090333061                        2.91926085243044
-799.8        -0.197428798383552                        2.91470943206815
-599.95       -0.197262459781972                        2.91225371793267
-399.15       -0.197166607138232                        2.91083861229922
-199.6        -0.19712038052543                         2.9101561528736
0.6           -0.194408472050237                        2.87011931287727
204.8         -0.18282060093532                         2.6990435756354
403.5         -0.162343007220591                        2.39672579811228
597.9         -0.160829627367372                        2.37438324946387
799.7         -0.160330637403356                        2.36701648855294
999.5         -0.160185282861826                        2.36487056933214
1000.85       -0.160473840902287                        2.36913065119009
800.2         -0.160398557041531                        2.36801920959279
599.75        -0.160515184016676                        2.36974101384461
400.125       -0.160718961571855                        2.37274945216256
200.05        -0.160695116964663                        2.37239742600399
-1.475        -0.163218451982797                        2.40965029102591
-200.3        -0.175515936430019                        2.59120229459631
-399.3        -0.189500550514756                        2.7976619747967
-599.2        -0.196831913913166                        2.90589742080164
-800          -0.197121409651227                        2.91017134621262
-1012.525     -0.197160489606644                        2.91074829707081