-999.85       -0.121768759487588                        1.79771418716835
-799.825      -0.121337864720432                        1.79135273913067
-599.85       -0.122317091183229                        1.80580939707831
-399          -0.122416767178513                        1.80728094816905
-199.35       -0.122415630972232                        1.80726417396392
0.375         -0.120073196395649                        1.77268200454249
199.9         -0.108367215062855                        1.59986256542488
400.025       -9.52916375183436E-02                     1.40682330514085
599.975       -8.66997363330305E-02                     1.27997810510282
799.65        -8.60867804338863E-02                     1.27092882579147
1000          -8.62237261664606E-02                     1.27295060286596
1000.075      -8.64213428044462E-02                     1.27586808543885
799.75        -8.63985725398173E-02                     1.27553192017001
599.8         -8.67025395023142E-02                     1.28001948925761
399.2         -8.65953957663082E-02                     1.2784376893354
199.4         -8.68108139340909E-02                     1.28161798203138
-0.7          -8.94224190277745E-02                     1.32017400861778
-200.025      -0.101054030923413                        1.49189550608903
-400.1        -0.114126529390798                        1.68488930889565
-599.9        -0.122648220374322                        1.81069797151333
-799.55       -0.123305116945465                        1.82039596211793
-1000.05      -0.123178336723255                        1.81852426197843