-1000.15      -0.28190521351762                         4.16186387961852
-799.725      -0.281173916647313                        4.15106749174109
-599.975      -0.280227774883688                        4.13709927461627
-399.15       -0.280638055100402                        4.14315638293704
-199.65       -0.280020255682358                        4.13403559708592
0.675         -0.279172498874246                        4.12151987098652
200           -0.275660540423167                        4.06967161730619
399.95        -0.271955113244169                        4.01496711807967
601.175       -0.270266788462985                        3.99004179713155
799.65        -0.269998555191678                        3.98608177684943
999.9         -0.269930463485438                        3.98507651550941
999.85        -0.269887377818938                        3.98444042695716
799.875       -0.270160806594703                        3.98847715026322
599.875       -0.27044654688564                         3.99269563271328
399.05        -0.270131858615466                        3.9880497812633
199.5         -0.269989433927018                        3.98594711647388
-0.65         -0.270742892812396                        3.99707068982218
-199.925      -0.274644149728426                        4.05466629098662
-399.9        -0.277984619350456                        4.10398279594732
-600.1        -0.280473529614707                        4.1407274364566
-799.525      -0.280516787314179                        4.14136606479094
-1000         -0.280904315209873                        4.14708727275055