-999.85       -0.21976989577401                         3.24453875696844
-799.825      -0.219762084942237                        3.24442344296548
-599.85       -0.220128583855132                        3.24983419280038
-399          -0.22003114917611                         3.2483957310345
-199.35       -0.220133413717451                        3.24990549772332
0.375         -0.219975321111904                        3.24757152207083
199.9         -0.21638691520001                         3.19459464816428
400.025       -0.212335630636171                        3.13478413709956
599.975       -0.210928577997265                        3.11401133378205
799.65        -0.210651461286301                        3.1099201642169
1000          -0.210425407710011                        3.1065828573176
1000.075      -0.21056817419865                         3.10869056822111
799.75        -0.211108584406499                        3.11666883047514
599.8         -0.211018915062997                        3.11534501103536
399.2         -0.211059161646717                        3.11593918522949
199.4         -0.211075820573047                        3.11618512670358
-0.7          -0.211963381257952                        3.1292884911621
-200.025      -0.215260609606296                        3.17796661028801
-400.1        -0.218763613019587                        3.22968265765741
-599.9        -0.220866668797485                        3.26073079532624
-799.55       -0.221884858903422                        3.27576268697381
-1000.05      -0.221882463432376                        3.2757273218087