-1000.05      -0.324632208450456                        4.79265723982894
-799.75       -0.325242632357506                        4.80166913846788
-599.95       -0.324424987308131                        4.78959796264647
-399.225      -0.325716450968641                        4.80866428601611
-200.5        -0.325393616744489                        4.8038981730385
0.425         -0.324701571773591                        4.79368127448769
199.9         -0.321657326794645                        4.74873803608323
400.05        -0.319006000992257                        4.7095955989769
601.125       -0.315602095838885                        4.65934257339183
799.35        -0.315866847326002                        4.66325119089328
1000          -0.315662712898452                        4.66023748394546
999.9         -0.315913746268683                        4.66394357615676
800           -0.316229125707068                        4.66859963156138
600.125       -0.315926100024291                        4.66412595891089
399.25        -0.316401630495332                        4.67114637923723
199.5         -0.316316833975371                        4.66989449897174
-0.65         -0.316378008894258                        4.67079764539489
-200.15       -0.320062759224144                        4.72519688516774
-400.25       -0.323679917924308                        4.77859824640266
-600          -0.325081872471585                        4.79929578483544
-799.7        -0.325712483110493                        4.80860570715799
-999.95       -0.325548800368846                        4.80618920239855