-1000.15      -4.74919523988317E-02                     0.701140070433305
-799.725      -4.77542861321901E-02                     0.705012993802286
-599.975      -4.76883514832627E-02                     0.704039577843204
-399.15       -0.04771029918838                         0.704363599382318
-199.65       -4.71472227204881E-02                     0.696050707315013
0.675         -4.39067190642451E-02                     0.648210034379582
200           -3.21594786523763E-02                     0.474781473249774
399.95        -1.88206286176291E-02                     0.277855430405262
601.175       -1.02109890751083E-02                     0.150748352882861
799.65        -9.53855951829551E-03                     0.140821043454396
999.9         -9.47307705757963E-03                     0.139854303305815
999.85        -9.52299804026725E-03                     0.14059130398803
799.875       -9.55004942150576E-03                     0.140990672857678
599.875       -9.45083584431189E-03                     0.139525948604662
399.05        -9.70303850650831E-03                     0.14324930347647
199.5         -9.7616497130762E-03                      0.144114600930575
-0.65         -1.22115628846642E-02                     0.180283513913082
-199.925      -2.38015700081731E-02                     0.351390785786357
-399.9        -3.68337691996022E-02                     0.543789636485202
-600.1        -4.53226034228297E-02                     0.669113223420255
-799.525      -4.58329679182446E-02                     0.676647910460635
-1000         -4.58463123182795E-02                     0.676844918440046