-1000.05      -0.373415012306197                        5.51285459545903
-799.9        -0.373380354587115                        5.51234293160082
-599.8        -0.372422070600127                        5.49819545464536
-399.275      -0.372278290862982                        5.49607278480476
-200.7        -0.37313632100287                         5.50874017964383
0.4           -0.37202351937369                         5.4923115054527
200.05        -0.368755367998748                        5.44406265971205
400.05        -0.3647406813795                          5.3847924567238
599.95        -0.362260195806478                        5.34817219283629
799.7         -0.361861590000781                        5.3422874378712
999.85        -0.36091667420683                         5.32833732015945
999.85        -0.360700924447287                        5.32515213205997
800           -0.361675183482157                        5.33953545415615
600.05        -0.361766893820255                        5.34088940550298
398.925       -0.362226260508325                        5.34767119432739
199.5         -0.362783059607329                        5.3558914114331
-0.9          -0.364401539512308                        5.37978558838844
-200.1        -0.367716553179763                        5.4287262783135
-400          -0.371443431573385                        5.48374746921878
-599.9        -0.373880087821606                        5.51972066567009
-799.7        -0.373673865508876                        5.51667613455335
-1000.15      -0.374285726390312                        5.52570924774067