-1000.5       -0.051700494822788                        0.763272233515884
-950.15       -5.16910609659059E-02                     0.763132958233554
-899.975      -5.16716327550302E-02                     0.762846132856753
-849.2        -5.16441338305413E-02                     0.762440156751768
-799.8        -5.17163829323131E-02                     0.763506795155673
-749.85       -5.17318784927908E-02                     0.76373556145851
-700          -5.14690057489002E-02                     0.75985468049117
-649.325      -5.14851214966131E-02                     0.760092602832025
-599.1        -5.14754235639219E-02                     0.75994942890746
-549.225      -5.13551006021595E-02                     0.758173059530679
-498.95       -5.13638072809308E-02                     0.758301599231799
-448.9        -5.13522766175967E-02                     0.758131368072753
-398.9        -5.12829098129075E-02                     0.757107282014613
-348.85       -5.13150297353035E-02                     0.757581479505209
-299.075      -0.051124970454075                        0.754775568796212
-249.3        -5.10620667684963E-02                     0.753846899994248
-199.325      -0.050882675046428                        0.751198478139743
-149.3        -5.10318689335759E-02                     0.753401078943868
-98.8         -5.07066331519968E-02                     0.748599510945804
-49.3         -5.00705325284377E-02                     0.739208538086667
1.4           -4.83334059635616E-02                     0.713562739577048
50.9          -0.045977584935226                        0.6787829413522
100.1         -4.30691141537224E-02                     0.635844184245073
150.05        -3.99836898215777E-02                     0.590293000849005
199.9         -3.69666132296404E-02                     0.545750858710715
249.775       -3.35810712375924E-02                     0.495768934808639
299.8         -3.02764715410411E-02                     0.446981989927198
350.025       -2.69093518482603E-02                     0.397272040781966
400           -2.37004311112695E-02                     0.349897637374537
449.95        -2.04145901022597E-02                     0.301387633466034
499.85        -1.75893747673457E-02                     0.259678005226796
550.025       -1.56444034257951E-02                     0.230963722605746
599.8         -1.47770881962077E-02                     0.21815924878555
649.625       -1.43744709396113E-02                     0.212215271387505
699.4         -1.42395753789918E-02                     0.210223761708568
749.7         -0.014065597194779                        0.207655261780235
799.85        -1.39183512381575E-02                     0.205481418946198
850.05        -1.39827138699782E-02                     0.206431626674638
900.85        -1.38996385662307E-02                     0.205205157317647
950.425       -1.37927787365324E-02                     0.203627548802167
999.875       -1.38319912511576E-02                     0.20420645667766
999.9         -1.38607779134909E-02                     0.204631444100506
950.3         -1.37674199898052E-02                     0.2032531688795
900.275       -1.37857282527253E-02                     0.203523460078428
849.225       -1.36732406117309E-02                     0.201862766244084
799.6         -1.36417257249426E-02                     0.201397501102805
749.625       -1.37534890524376E-02                     0.203047501647185
699.9         -1.36482173416836E-02                     0.201493339079327
649.575       -1.37089037609144E-02                     0.202389273613594
599.225       -1.35796174267144E-02                     0.200480574878579
549.4         -1.35991873838642E-02                     0.200769492904504
499.25        -1.36321692735794E-02                     0.201256415915874
449.25        -1.36473191547435E-02                     0.2014800788358
398.95        -1.36834855215555E-02                     0.202014015380689
348.9         -1.36951835268957E-02                     0.202186717067478
299.2         -1.37110792804597E-02                     0.202421391558849
248.95        -1.37770699121473E-02                     0.203395634010725
199.325       -1.37616857041391E-02                     0.203168511642795
149.6         -1.38840111049467E-02                     0.204974443717724
98.35         -1.40073237887883E-02                     0.206794951392538
48.75         -1.48470562855711E-02                     0.219192211816683
-0.5          -1.63590916854917E-02                     0.241514911837414
-50.8         -1.88387136982945E-02                     0.2781224266876
-99.85        -2.18298504542136E-02                     0.322281610081635
-150.05       -2.48140853463064E-02                     0.366338898879957
-200.25       -2.79547506523954E-02                     0.412705623823715
-250.05       -3.12785955557564E-02                     0.461776692329823
-300.1        -3.45680189630275E-02                     0.510339584419216
-350          -3.77724502992768E-02                     0.557647709255367
-400.25       -4.11933442880261E-02                     0.608151546875562
-450.05       -4.43624481440387E-02                     0.654938119938617
-500.025      -4.72378659412863E-02                     0.697388904441151
-550.275      -4.88405541574565E-02                     0.721049943248977
-654.6        -4.97270220432214E-02                     0.734137174336941
-655.35       -4.98708425865004E-02                     0.736260446612579
-702.075      -4.97802177841957E-02                     0.734922521405013
-749.65       -4.98075295763239E-02                     0.735325734810426
-799.975      -4.98107390703907E-02                     0.7353731176781
-849.65       -4.98762454591537E-02                     0.736340211084692
-900.6        -4.98563978150863E-02                     0.736047193471045
-950.45       -4.98331815236413E-02                     0.735704443354514
-1000.05      -4.98828633167687E-02                     0.73643791279877