-1000.5       -0.280451293825928                        4.14039916183904
-950.15       -0.280175055814591                        4.13632096481951
-899.975      -0.279640320405665                        4.12842648157887
-849.2        -0.279742064714797                        4.12992856790018
-799.8        -0.280037492412941                        4.13429006888346
-749.85       -0.280210736820862                        4.13684773581935
-700          -0.280034688714542                        4.13424867691715
-649.325      -0.280081688529228                        4.13494255138882
-599.1        -0.279718022554366                        4.12957362519502
-549.225      -0.279878213405699                        4.13193857797362
-498.95       -0.280170029620955                        4.13624676138962
-448.9        -0.279879329226524                        4.13195505122125
-398.9        -0.279793947830692                        4.13069453623157
-348.85       -0.279617354359435                        4.12808742591875
-299.075      -0.279878739990602                        4.13194635212814
-249.3        -0.280083783442889                        4.13497347932161
-199.325      -0.279649886645416                        4.12856771127515
-149.3        -0.279910421589201                        4.13241407849336
-98.8         -0.279793911275195                        4.13069399655016
-49.3         -0.279439367501154                        4.12545974455279
1.4           -0.278817989166318                        4.11628612191892
50.9          -0.278724839758293                        4.11491092508652
100.1         -0.277239021789469                        4.09297528204191
150.05        -0.27652846494311                         4.08248508629002
199.9         -0.275864418247342                        4.07268153592991
249.775       -0.275167828450286                        4.0623975405433
299.8         -0.274011296096477                        4.04532325458431
350.025       -0.272314766314939                        4.02027680038656
400           -0.272044089274785                        4.01628070190223
449.95        -0.271306346267692                        4.00538914748453
499.85        -0.269850911352884                        3.98390205994369
550.025       -0.269495149325435                        3.97864982245113
599.8         -0.269376584006532                        3.976899401762
649.625       -0.268842953341326                        3.96902122823387
699.4         -0.268831883959494                        3.9688578071327
749.7         -0.269173845776539                        3.97390630736016
799.85        -0.268886116646746                        3.96965846299626
850.05        -0.269159950361314                        3.9737011645535
900.85        -0.269140648789149                        3.97341620878764
950.425       -0.269643558752629                        3.98084084200244
999.875       -0.269032240353769                        3.97181573767247
999.9         -0.268924832589125                        3.97023003980444
950.3         -0.269124820521307                        3.97318253061127
900.275       -0.269205907924505                        3.97437965190693
849.225       -0.269967611088206                        3.98562493837909
799.6         -0.268696350446145                        3.96685687913762
749.625       -0.268882487614271                        3.96960488633839
699.9         -0.268980749329116                        3.97105555791931
649.575       -0.269257026816643                        3.97513433773945
599.225       -0.268392121008558                        3.96236543503976
549.4         -0.268609725907504                        3.96557801120198
499.25        -0.268526410235696                        3.96434799320843
449.25        -0.268899843053454                        3.96986111067192
398.95        -0.26901890430785                         3.97161885302776
348.9         -0.269156326505924                        3.97364766432672
299.2         -0.269079390070073                        3.97251182519342
248.95        -0.26871481147279                         3.96712942564011
199.325       -0.268827026463961                        3.96878609425109
149.6         -0.268979490049024                        3.97103696673306
98.35         -0.268776842272259                        3.96804520772342
48.75         -0.269656541056226                        3.98103250422729
-0.5          -0.269361551522537                        3.97667747201696
-50.8         -0.270327522856703                        3.99093843992971
-99.85        -0.271328408817405                        4.00571486451401
-150.05       -0.272045256656915                        4.01629793636718
-200.25       -0.27274638006284                         4.0266488629849
-250.05       -0.274025510010869                        4.04553309950403
-300.1        -0.274575742588853                        4.05365637279551
-350          -0.275615867117287                        4.06901208988631
-400.25       -0.276615897376091                        4.08377588144841
-450.05       -0.277238245210335                        4.09296381713636
-500.025      -0.277569227160607                        4.09785021780434
-550.275      -0.278377312054481                        4.10978025375335
-654.6        -0.279045442581405                        4.1196440951211
-655.35       -0.277870384895054                        4.10229631328951
-702.075      -0.278443223464869                        4.11075332663387
-749.65       -0.278101994024348                        4.10571563873358
-799.975      -0.27805243031128                         4.10498391254596
-849.65       -0.278410859031163                        4.11027551933849
-900.6        -0.278149868809911                        4.10642243070203
-950.45       -0.278123362684927                        4.1060311116385
-1000.05      -0.278516182003286                        4.11183043869561