1
3
4
6
8
7
6
14
6
9
6
10
12
15
11
14
18
16
27
645
3673
4875
5098
4884
4788
4707
4785
4488
4693
4647
4606
4737
4831
4869
4904
4982
4931
5098
5196
5418
5538
6018
6275
6770
6946
7212
7297
7432
7401
7119
6868
6825
6480
6435
6231
6028
5867
5643
5485
5391
5245
5026
5039
4890
4739
4668
4655
4768
4645
4647
4762
4646
4667
4745
4678
4762
4874
4775
4747
4714
4876
4906
4966
4886
5035
4950
4994
4931
4907
4904
4968
5093
4988
5098
5017
5062
4974
4929
5029
5083
5096
5170
5057
5137
5159
5167
5091
5064
5180
5275
5152
5070
5197
5290
5172
5230
5332
5372
5395
5438
5378
5570
5470
5651
5701
5667
5741
5778
5831
6087
6000
6005
6046
6279
6179
6129
5993
6308
6146
6179
6151
6006
6220
6136
6108
6161
6066
5979
5950
5885
5819
5867
5830
5849
5791
5772
5878
5783
5712
5666
5671
5496
5662
5683
5657
5507
5707
5571
5576
5537
5496
5443
5598
5414
5481
5316
5287
5318
5402
5315
5339
5379
5375
5362
5188
5411
5237
5396
5293
5249
5296
5203
5241
5286
5216
5201
5346
5353
5230
5132
5167
5295
5250
5158
5364
5323
5174
5272
5262
5202
5364
5182
5393
5340
5339
5275
5314
5256
5239
5226
5063
5489
5328
5215
5318
5295
5280
5209
5429
5441
5433
5246
5393
5324
5440
5542
5388
5489
5440
5361
5379
5473
5415
5320
5569
5566
5612
5446
5375
5498
5388
5542
5615
5435
5386
5501
5567
5529
5591
5556
5560
5755
5675
5476
5669
5467
5754
5649
5631
5818
5606
5640
5651
5698
5593
5694
5797
5772
5845
5625
5819
5832
5807
5760
5758
5701
5699
5942
5697
5811
5742
5772
5910
5827
5780
5916
5904
5856
5771
5876
5949
5902
5968
5676
5564
5807
5692
5668
5705
5700
5716
5606
5493
5525
5526
5410
5482
5395
5408
5300
5267
5256
5098
4965
5001
5004
4770
4633
4705
4456
4471
4483
4438
4236
4217
3958
3991
3934
3831
3786
3724
3605
3759
3489
3370
3282
3244
3170
3188
2953
3039
3042
2875
2874
2844
2782
2774
2724
2717
2659
2664
2613
2521
2454
2383
2387
2424
2406
2391
2355
2323
2268
2244
2267
2258
2222
2172
2120
2158
2149
2078
2043
2121
2036
2096
2037
1975
1996
1923
1963
1911
1956
1854
1914
1899
1851
1927
1863
1854
1769
1904
1834
1790
1723
1760
1811
1738
1690
1600
1824
1707
1705
1714
1615
1659
1636
1624
1726
1669
1697
1597
1715
1720
1721
1734
1784
1870
1809
1913
2017
2113
2098
2262
2243
2318
2370
2622
2723
2980
3104
3390
3475
3624
3882
4264
4459
4967
5292
5473
6016
6341
6617
7391
7634
8232
8629
8952
9679
10226
10949
11239
11803
12547
12867
13426
13756
14462
14806
15163
15547
16030
16132
16349
16428
16811
16862
16854
17047
16815
16683
16584
16007
15829
15551
15399
14998
14122
13800
13370
12994
12212
11602
10873
10297
9666
8988
8507
7928
7439
6803
6315
5934
5331
4801
4416
4007
3709
3292
2809
2567
2301
2054
1743
1561
1364
1169
1044
912
761
672
582
569
453
364
317
274
220
174
182
148
105
112
92
82
80
67
56
55
56
43
43
46
34
41
43
40
37
36
37
31
26
38
26
29
25
35
31
43
32
32
35
37
30
34
28
33
25
23
33
27
27
39
35
26
34
32
33
24
37
32
35
31
29
27
22
28
34
25
34
31
27
35
32
31
32
36
23
26
33
16
23
30
16
35
34
27
34
37
26
27
24
30
22
30
33
23
28
26
18
18
21
34
29
20
20
26
16
21
26
24
30
25
32
25
27
23
25
26
19
25
25
23
28
24
20
23
21
18
27
19
20
21
16
19
18
28
20
27
17
22
16
23
16
17
17
24
26
18
16
19
23
11
24
17
20
20
17
15
26
19
17
21
24
20
22
14
14
15
21
14
20
25
15
16
32
18
23
15
23
20
16
12
15
15
19
23
23
19
15
16
19
13
15
19
19
13
14
17
11
12
19
8
16
17
23
9
18
14
15
12
10
12
16
14
22
9
13
15
17
18
10
12
24
17
8
15
13
11
12
17
11
9
11
19
13
17
18
16
13
12
15
10
18
14
11
14
13
14
15
15
13
15
18
16
14
13
6
14
11
19
16
14
8
11
13
8
9
12
13
7
12
10
12
8
15
8
12
11
10
14
7
12
9
9
12
11
10
7
6
9
11
8
6
11
7
16
12
6
7
7
9
13
6
7
5
6
8
4
6
6
10
14
9
4
12
8
8
9
9
8
7
9
9
2
7
9
5
5
4
6
11
6
5
8
3
4
7
4
7
9
7
8
7
2
10
8
7
6
5
4
5
4
6
4
8
3
8
8
4
5
5
6
4
9
2
3
10
2
12
10
4
8
9
5
4
8
6
3
4
3
7
6
2
11
7
6
7
6
9
7
3
6
2
3
6
6
1
5
6
3
11
8
5
11
4
6
5
6
8
6
9
5
5
2
6
3
7
6
4
11
5
7
5
6
3
6
4
8
7
7
9
5
4
7
5
2
1
8
7
3
4
6
8
7
3
8
1
2
5
5
4
7
2
4
4
4
6
2
3
5
4
4
4
2
1
1
2
0
1
1
2
7
5
7
3
1
4
1
1
0
3
3
2
3
2
4
1
2
2
3
3
1
0
0
5
2
1
1
3
1
3
1
1
1
