0
0
0
0
0
0
0
0
0
0
0
0
0
0
0
0
0
0
0
2
17
21
27
23
21
29
25
34
11
15
22
34
25
31
28
27
31
34
43
46
47
39
55
60
54
61
48
53
65
42
63
41
51
39
57
51
46
41
40
36
27
38
31
31
39
39
37
32
34
36
40
41
35
34
24
46
41
36
34
26
30
40
31
39
30
29
28
36
41
42
32
44
40
44
41
44
42
48
24
40
38
42
34
37
38
37
42
32
51
42
39
35
28
34
32
38
36
36
37
32
32
41
32
26
33
35
32
31
36
25
21
29
23
28
32
35
28
25
33
32
18
26
21
24
22
26
23
12
24
19
24
24
20
19
27
29
24
25
22
21
16
25
23
18
24
16
25
17
23
14
23
25
20
9
26
18
16
17
20
23
17
21
17
18
9
13
23
15
20
23
17
13
16
26
14
11
19
12
11
9
10
17
11
16
16
5
10
12
10
10
13
7
12
14
14
12
12
16
18
11
10
8
12
18
13
5
10
5
12
11
7
10
16
6
9
8
8
7
10
13
8
8
10
11
15
8
17
4
10
6
9
9
9
9
12
14
8
14
10
4
7
5
8
10
11
15
6
8
10
12
12
7
13
12
9
9
8
11
7
7
10
6
8
8
8
4
5
11
11
5
10
8
6
2
7
7
10
8
13
7
6
9
8
9
6
4
7
7
6
6
4
5
6
5
14
9
6
3
9
4
7
8
6
7
7
4
5
7
6
5
8
8
10
4
11
3
8
6
9
5
5
8
11
7
3
5
10
10
5
6
4
8
5
8
4
5
5
6
9
5
3
6
8
3
2
9
7
5
9
7
9
3
3
7
9
2
9
7
6
6
6
5
10
7
4
3
8
4
9
4
7
4
7
5
4
6
5
4
4
5
4
10
5
3
3
12
7
9
3
9
7
6
5
10
7
5
6
7
11
5
7
3
3
6
7
9
7
7
7
6
4
2
8
4
8
4
8
3
5
5
3
8
9
4
5
5
5
4
5
3
8
5
4
10
5
7
0
5
8
8
3
5
8
5
10
4
6
6
7
6
6
4
6
4
3
4
5
3
6
8
4
4
5
6
7
4
9
1
1
3
3
5
2
7
6
3
3
1
5
4
2
3
3
8
1
6
4
8
3
8
3
3
5
5
6
5
3
2
4
3
4
3
3
4
3
2
3
3
3
2
5
6
4
4
2
4
3
2
3
2
4
2
3
4
2
4
1
4
3
5
3
3
4
0
1
5
5
2
3
3
1
2
1
3
8
7
6
3
1
6
3
6
2
6
2
3
1
4
2
4
0
6
6
1
1
4
5
1
1
7
2
3
3
3
5
2
2
3
0
2
4
2
7
5
1
3
1
0
2
2
7
3
3
3
1
1
7
0
2
2
3
4
5
6
3
4
5
5
6
1
2
3
3
4
2
1
2
2
4
1
6
5
5
2
2
2
2
0
2
2
6
1
0
2
1
2
4
1
4
4
3
3
1
2
5
2
4
2
6
3
2
1
2
3
1
3
1
3
3
3
2
3
8
0
2
1
3
0
1
3
1
1
4
5
5
0
3
2
3
4
3
5
3
1
2
0
2
3
3
2
2
7
4
0
4
1
3
2
3
1
3
1
2
3
3
1
5
4
1
3
3
0
2
1
1
4
1
2
1
1
1
4
1
3
5
2
1
2
2
3
6
2
4
3
0
2
3
3
4
1
0
1
0
4
4
3
3
2
2
0
1
6
2
0
3
4
4
3
0
3
2
4
5
3
1
2
2
1
1
1
2
2
1
3
1
2
2
5
1
1
2
1
4
2
3
2
2
3
2
3
6
3
5
3
4
1
3
2
3
3
0
5
2
3
3
3
2
2
5
1
3
2
1
3
3
2
2
2
3
0
2
3
0
0
1
0
3
1
0
2
1
0
2
2
1
4
1
1
2
3
2
4
4
1
2
1
2
1
2
1
4
3
1
1
3
2
0
3
0
1
0
1
3
1
1
4
2
3
2
3
1
0
1
1
1
0
3
1
2
2
0
0
1
0
1
1
2
1
1
1
1
1
1
0
1
1
1
0
1
4
1
0
3
1
0
0
1
0
1
1
0
0
1
4
1
1
2
1
2
3
0
0
0
0
2
0
1
4
2
2
1
1
2
1
2
2
1
0
1
1
1
2
0
0
1
3
2
1
0
2
1
1
0
0
1
1
0
2
1
2
1
0
0
1
2
2
2
2
2
2
4
0
0
5
4
0
3
1
1
0
1
3
4
1
3
2
0
1
1
2
1
3
1
2
1
2
2
1
3
2
2
1
0
0
