0
0
0
0
0
0
0
0
0
0
0
0
0
0
0
0
0
0
0
3
32
57
47
54
45
60
72
49
57
52
40
53
50
67
60
66
67
68
79
76
69
107
102
108
114
114
129
107
123
105
127
97
100
103
104
122
95
88
77
110
99
107
102
75
101
85
100
87
73
91
65
98
102
107
122
85
82
111
104
88
106
96
102
106
107
99
99
119
106
118
145
124
115
116
126
113
123
124
126
124
131
117
113
95
130
97
104
115
116
107
115
113
105
118
118
107
103
94
89
111
108
97
85
113
115
103
87
105
103
103
96
96
92
90
111
91
83
80
79
86
94
90
96
110
104
89
91
96
85
87
114
84
105
86
92
109
129
93
113
116
124
127
152
140
159
161
160
185
194
246
228
233
244
261
264
298
320
354
364
392
436
422
414
434
419
398
426
411
387
444
416
382
362
347
353
337
295
274
250
187
196
186
183
151
143
115
111
105
101
93
68
80
62
61
67
39
42
33
45
41
42
41
34
34
37
33
28
32
35
22
23
33
26
25
34
26
25
22
25
26
36
18
21
17
21
22
26
21
23
12
15
14
9
13
12
11
16
10
9
14
8
9
13
6
7
16
6
7
11
8
10
10
13
9
4
7
8
7
11
6
5
8
4
15
8
8
13
6
9
10
6
6
8
11
8
9
5
7
8
7
12
6
12
9
9
14
6
6
5
7
7
5
7
9
10
8
4
8
5
5
7
8
9
13
7
8
11
6
12
4
5
13
10
5
6
7
8
9
11
6
6
7
10
5
7
12
11
9
11
10
7
4
10
13
11
9
5
7
9
7
6
5
10
10
11
6
6
7
11
4
9
7
5
6
13
7
6
4
10
8
8
13
6
4
4
3
8
10
5
5
12
2
4
4
9
9
6
5
5
2
10
8
4
8
4
2
2
7
6
7
6
3
5
3
9
8
6
8
4
3
5
6
5
5
5
11
4
8
6
11
7
5
6
4
8
10
3
5
5
4
5
6
3
6
5
4
8
6
6
6
8
4
4
3
6
2
8
7
7
8
6
4
8
4
7
5
6
10
11
8
6
7
7
5
8
8
7
6
4
7
0
4
4
1
3
5
6
5
1
1
7
4
11
2
4
5
6
5
3
4
5
1
4
6
5
0
1
5
6
2
2
5
4
2
3
3
5
3
4
4
2
0
4
5
6
4
3
0
5
1
2
3
4
5
5
2
2
5
5
1
5
0
0
2
2
2
0
3
6
4
4
4
2
7
2
4
4
4
2
2
8
3
4
2
3
5
4
6
4
6
9
5
2
2
3
2
4
3
1
3
2
3
3
5
5
5
8
3
1
0
3
2
5
4
3
4
2
2
1
4
3
3
2
2
3
3
1
0
3
2
1
0
4
3
5
3
1
2
1
3
3
2
5
4
1
3
4
2
2
2
2
4
2
5
2
2
5
1
8
3
0
2
3
3
2
4
2
5
3
3
2
3
2
1
3
5
3
1
4
1
3
2
2
3
4
4
6
4
4
6
2
2
5
2
2
4
5
4
3
5
4
5
3
4
7
2
2
3
4
0
4
1
3
2
4
1
3
4
5
6
3
3
0
2
3
8
2
7
2
1
3
4
3
2
4
3
0
2
1
3
1
1
2
1
4
3
1
2
1
2
3
4
3
4
3
3
3
3
2
2
1
1
2
1
2
4
4
2
3
3
0
4
2
3
1
2
0
1
2
1
2
2
3
4
0
4
1
4
2
4
0
3
2
2
2
2
4
2
0
4
2
3
2
2
2
3
1
2
2
1
1
5
3
0
1
1
3
4
2
5
4
1
1
2
3
3
2
2
3
0
5
2
1
1
1
1
1
1
1
2
4
4
2
3
1
1
3
3
2
0
1
3
2
1
4
6
5
2
1
1
1
0
1
0
2
1
3
3
2
4
1
0
5
1
1
2
3
1
0
3
3
1
2
4
1
3
2
2
1
4
2
1
0
2
1
2
2
0
2
3
1
3
0
0
1
0
3
2
1
1
0
1
1
2
3
0
1
3
1
1
0
2
2
1
1
0
0
1
4
0
0
1
1
3
1
2
0
1
0
0
1
0
0
3
1
0
1
0
1
1
3
1
0
0
0
0
2
0
0
0
0
1
3
0
0
1
1
1
0
1
2
0
4
1
0
2
2
2
1
1
0
1
2
1
0
1
2
4
2
0
2
1
0
1
2
1
0
2
1
2
0
1
1
0
0
1
0
1
0
2
1
2
2
0
1
1
2
1
0
1
1
2
0
0
1
0
0
3
1
0
2
0
2
0
2
1
1
2
2
4
3
0
0
0
