0
0
0
0
0
0
0
0
0
0
0
0
0
0
0
0
0
0
0
2
16
18
31
28
27
13
26
26
21
35
23
26
24
27
25
32
38
32
36
38
44
52
49
66
66
66
58
65
73
72
47
62
62
45
44
43
37
42
37
34
36
39
35
38
36
45
34
35
38
28
37
51
37
31
33
44
41
29
34
32
37
37
37
40
43
38
48
39
46
50
38
33
47
48
40
38
34
43
39
44
35
47
34
51
43
39
37
45
48
47
39
47
40
40
43
56
35
42
30
45
42
39
53
30
44
43
43
30
48
39
34
37
27
41
45
32
28
36
40
42
29
33
26
35
30
29
29
19
26
30
29
27
23
23
27
34
25
25
30
24
22
23
39
21
29
21
24
22
17
20
23
14
18
24
16
23
22
23
13
15
25
24
20
11
17
16
12
15
13
16
20
11
12
17
9
12
20
14
14
12
17
12
15
17
15
17
16
9
15
9
6
7
11
6
15
19
15
11
18
9
12
4
17
7
11
10
12
11
18
15
12
14
9
13
9
9
11
15
14
9
7
11
15
4
9
13
13
12
11
8
7
13
14
13
7
8
7
11
11
13
8
6
12
12
9
13
10
11
14
9
5
8
9
7
14
10
10
6
13
13
9
11
14
6
11
13
7
10
12
9
13
10
10
4
7
9
9
8
3
10
10
10
5
8
9
11
9
8
11
9
8
6
10
10
10
4
14
15
11
7
12
5
2
7
7
9
8
9
5
5
9
10
8
9
14
11
6
11
3
16
5
8
6
10
9
5
13
6
9
10
10
9
7
8
9
9
10
11
6
5
8
7
18
5
9
8
8
5
13
7
9
8
9
9
3
10
4
12
6
6
6
5
8
6
5
8
5
7
5
6
13
4
9
8
7
7
8
2
14
4
6
4
13
5
12
8
12
4
12
10
11
11
12
10
6
5
5
9
8
12
8
8
7
10
4
8
6
10
4
10
6
5
5
8
12
4
8
7
7
4
9
4
11
7
7
5
8
6
9
4
7
11
8
6
6
9
3
13
6
7
7
7
6
13
5
10
6
8
6
8
7
6
3
5
7
7
8
3
7
6
7
3
6
3
2
7
1
7
5
9
5
7
4
6
5
6
7
3
4
2
7
4
4
0
3
4
5
1
5
4
4
3
4
2
6
3
3
5
5
3
3
4
2
5
11
7
2
3
3
9
2
1
6
7
4
3
3
4
2
2
4
4
2
4
2
2
4
5
1
3
2
3
2
11
4
5
2
4
1
4
2
2
5
2
6
3
5
2
4
6
2
4
5
4
4
3
4
2
8
4
5
1
2
3
5
2
3
5
1
2
1
4
4
3
4
3
11
3
7
2
1
4
2
1
3
2
2
3
7
1
0
2
2
3
2
3
2
2
1
4
2
4
5
1
1
3
2
1
5
1
2
3
1
5
3
1
2
2
3
2
0
3
4
1
3
2
7
3
6
3
1
2
4
3
2
0
2
1
4
5
3
2
5
3
6
2
2
1
2
3
1
4
3
2
1
3
2
4
3
0
2
1
4
6
2
3
2
1
5
1
2
2
5
1
1
6
2
1
2
1
2
1
2
2
6
2
3
2
3
2
2
2
1
5
5
4
3
3
2
2
3
0
1
2
2
1
4
1
3
3
4
1
1
4
1
1
1
3
2
0
2
1
5
1
0
3
4
1
2
1
0
2
4
4
1
4
2
2
1
5
4
1
0
4
1
2
1
2
1
2
4
5
4
3
2
2
0
1
2
1
2
2
1
0
1
3
0
4
1
5
2
3
2
3
1
3
3
6
1
1
1
0
2
3
1
0
2
2
3
3
2
2
2
2
4
0
2
3
2
3
2
0
3
0
3
1
4
2
2
0
1
1
1
1
1
4
2
1
0
2
2
2
2
2
0
1
1
2
1
0
1
1
1
0
2
2
0
3
0
2
4
1
1
1
0
2
0
0
1
6
1
1
1
0
3
1
0
0
1
1
2
2
3
2
5
1
2
1
2
1
1
0
0
1
0
1
1
2
1
1
1
1
2
1
2
1
2
2
0
1
1
1
2
2
2
3
1
0
0
1
0
1
1
0
1
1
0
1
0
1
0
2
4
0
1
2
1
1
2
1
2
3
0
2
0
1
1
0
1
0
2
0
3
1
0
1
2
0
1
1
2
0
1
2
2
0
0
1
1
1
0
1
0
0
0
2
2
0
1
2
0
0
1
1
0
0
1
2
2
0
2
1
1
0
2
1
1
1
2
1
3
2
1
1
2
0
1
1
0
3
1
1
0
1
0
1
5
4
2
1
4
1
0
0
