0
0
0
0
0
0
0
0
0
0
0
0
0
0
0
0
0
0
0
6
43
66
56
55
48
57
55
50
38
51
43
47
42
65
54
56
58
59
89
80
97
96
82
109
116
130
114
142
133
124
112
119
101
102
105
84
98
108
86
91
82
89
91
78
73
86
84
78
81
87
89
96
86
69
84
83
93
85
77
84
80
102
81
93
82
92
88
102
112
104
105
126
113
128
99
121
117
118
126
122
147
141
123
114
140
127
121
152
126
152
132
140
142
134
161
139
135
156
156
148
158
135
143
151
143
154
142
159
150
127
164
172
169
178
163
185
184
177
221
200
226
244
233
244
311
309
328
330
413
400
391
476
489
530
515
573
525
580
554
518
533
565
477
473
451
398
416
367
328
293
293
236
213
183
196
176
138
130
135
103
94
99
75
72
87
57
67
68
43
50
53
63
47
31
47
38
35
25
46
30
40
40
32
31
26
31
24
12
23
19
21
17
25
22
18
26
13
12
12
16
6
13
11
16
14
17
9
13
13
16
14
9
9
7
12
12
15
10
15
15
18
11
9
11
12
9
12
15
15
17
11
7
12
11
11
6
8
11
12
8
5
15
11
9
8
11
6
10
5
9
11
8
11
11
8
9
7
9
14
10
14
8
12
6
12
9
8
10
13
15
7
9
15
12
8
5
13
12
11
7
6
17
12
8
5
8
9
14
10
16
7
12
6
7
10
11
8
2
5
11
8
5
7
5
6
12
8
12
8
10
9
10
6
8
11
9
9
11
6
11
4
10
4
6
9
9
15
6
8
9
4
11
8
13
6
12
8
5
5
6
6
10
7
5
5
6
10
9
7
3
5
8
4
8
12
7
12
11
6
9
5
10
10
7
10
12
8
8
8
7
7
6
8
5
9
7
10
4
10
10
5
6
11
7
5
4
9
9
5
3
12
9
9
10
8
11
5
3
8
6
7
9
10
5
8
6
13
8
5
8
12
14
10
5
5
2
7
5
5
10
4
6
10
5
5
12
8
4
4
7
10
7
6
8
10
6
4
8
10
13
12
9
7
10
5
10
5
8
8
6
5
3
6
9
7
5
7
7
4
4
4
14
5
2
7
6
3
5
2
4
4
7
5
1
9
4
4
3
6
6
2
4
4
4
1
5
5
2
2
3
2
5
3
6
4
5
6
1
2
5
3
4
4
6
3
2
5
2
5
7
4
4
6
7
2
5
3
3
5
4
1
5
5
4
6
5
3
3
3
5
7
2
5
4
2
4
3
3
5
4
2
1
1
4
2
4
4
5
7
2
0
4
1
2
2
9
1
2
2
2
1
2
1
3
6
5
2
1
3
4
1
3
4
5
7
4
4
9
7
4
4
3
3
1
3
4
3
3
1
2
1
1
2
1
1
2
2
1
6
0
5
10
2
3
2
6
0
1
1
4
1
1
3
1
4
3
4
3
1
3
0
2
0
4
2
3
5
1
1
1
4
5
1
4
3
1
2
7
4
6
1
2
3
3
6
4
2
5
7
2
5
2
0
3
0
1
6
1
4
2
2
2
1
3
4
4
3
2
3
8
5
6
0
2
2
5
2
1
3
1
0
6
4
4
4
5
1
4
3
3
3
2
5
2
4
4
4
2
3
2
4
0
3
3
1
1
2
4
3
5
1
2
1
1
0
3
1
0
3
3
2
2
4
7
3
4
1
2
4
0
1
2
2
4
1
5
3
4
3
5
6
1
2
1
4
1
3
4
1
1
1
1
2
5
1
0
2
5
3
2
3
1
4
0
4
1
3
2
2
1
5
2
1
5
5
3
1
0
1
1
4
3
2
1
0
4
2
3
1
3
0
6
4
3
3
0
0
3
1
2
5
1
3
1
1
2
3
2
2
2
2
1
3
3
2
3
1
2
3
1
2
5
3
0
1
1
2
2
1
3
0
1
2
1
0
2
1
0
2
3
2
1
0
0
1
1
2
2
0
0
4
4
0
2
1
3
3
3
0
4
1
1
0
0
2
1
1
4
0
0
2
1
1
3
0
1
0
2
1
0
1
0
1
0
0
1
2
3
4
0
0
1
3
2
1
0
2
1
1
0
0
5
1
1
0
1
1
2
2
2
1
0
1
1
0
1
0
1
2
0
2
0
3
0
0
0
0
1
1
0
1
1
3
2
1
1
1
3
2
0
2
0
1
1
2
0
1
0
1
1
0
1
2
2
1
0
2
2
4
1
1
3
0
2
0
1
2
1
1
1
0
3
1
2
0
1
1
0
0
0
1
1
0
1
1
2
2
2
1
0
2
1
2
0
0
1
0
4
0
4
0
2
0
0
