0
0
0
0
0
0
0
0
0
0
0
0
0
0
0
0
0
0
0
1
13
27
34
27
19
24
29
34
24
36
30
21
26
35
28
27
40
44
40
47
69
46
60
76
63
84
74
58
53
64
72
52
60
59
47
54
51
63
43
40
46
31
45
37
32
46
39
49
45
46
32
45
45
46
37
52
51
50
51
49
41
58
27
55
49
49
62
56
47
62
48
58
53
53
56
48
57
44
48
55
51
57
60
41
43
53
47
36
46
61
55
41
45
44
41
58
35
48
41
36
38
45
56
47
53
31
35
40
38
31
37
35
46
34
28
31
31
38
32
43
35
23
32
33
28
24
28
27
31
32
25
27
23
31
20
25
38
33
21
30
27
33
19
23
25
30
32
12
20
25
23
18
25
13
25
22
20
22
26
23
25
24
28
14
27
25
21
22
24
17
22
19
27
19
27
19
22
27
26
10
15
17
22
29
17
11
18
19
20
25
26
16
35
20
16
16
22
15
19
15
18
22
17
15
19
23
15
24
18
14
19
16
16
15
12
14
18
16
16
19
16
13
18
15
17
12
19
22
18
19
14
19
12
15
19
15
12
15
12
11
15
19
17
13
19
19
19
13
20
14
14
16
18
17
23
12
17
16
12
18
22
9
12
20
15
15
19
9
5
17
14
16
16
20
18
13
15
21
11
11
8
14
14
15
9
14
15
7
12
20
16
16
18
8
22
14
14
20
13
12
11
15
16
10
11
7
16
9
18
16
11
7
13
10
9
20
7
16
14
16
8
10
10
16
12
13
13
7
9
15
14
13
8
18
12
6
10
11
8
10
12
16
12
12
12
10
7
15
15
11
12
6
15
11
10
15
12
7
14
7
14
12
11
7
20
12
14
17
10
8
7
10
10
13
9
14
10
14
11
12
13
14
10
9
17
13
9
8
17
18
11
9
17
15
12
10
10
11
15
11
9
17
17
7
14
14
11
14
14
30
9
25
20
25
28
15
24
20
17
18
16
20
18
21
23
26
26
12
19
21
32
28
28
26
17
33
22
24
21
23
15
25
21
27
28
28
16
23
14
11
24
19
17
15
17
19
15
18
7
11
7
16
11
17
9
11
9
10
5
10
9
5
6
8
9
5
5
4
6
8
10
3
4
4
4
5
6
4
4
4
3
6
2
3
5
5
13
7
3
2
3
2
3
1
2
7
3
3
2
1
2
2
3
2
2
4
3
4
2
6
1
7
7
5
1
4
6
1
6
4
2
4
5
5
1
4
3
2
5
4
6
4
3
0
2
1
4
0
7
4
5
7
3
8
3
2
2
6
3
4
1
0
3
5
0
6
4
1
3
3
6
5
2
6
4
4
5
2
3
5
1
2
3
0
6
2
2
3
4
1
1
2
2
1
3
0
0
2
2
3
2
4
6
7
6
4
3
1
3
2
4
4
6
1
5
5
1
7
1
2
2
0
4
4
7
2
2
5
3
2
2
3
2
4
7
2
4
2
3
4
2
2
1
2
3
2
3
3
1
5
3
3
3
0
1
2
2
1
4
2
1
2
2
4
6
3
1
3
3
3
2
1
2
0
2
2
2
5
1
3
1
2
2
0
6
2
2
3
5
1
3
1
3
3
5
2
3
2
0
2
0
3
3
1
1
3
5
1
2
1
4
5
5
2
5
3
2
1
3
0
2
2
3
1
1
3
4
1
1
0
1
2
2
3
2
1
2
0
2
2
4
5
2
3
6
3
1
2
1
5
5
1
3
3
2
1
1
0
2
2
4
3
3
1
4
4
0
3
6
0
2
1
2
2
3
1
0
3
2
3
2
2
1
2
1
0
6
2
3
3
4
3
3
1
2
3
2
2
2
4
4
3
2
4
1
1
7
1
2
0
0
5
2
4
2
2
2
2
1
2
1
0
0
2
3
3
2
1
0
4
2
2
2
0
0
3
1
2
1
1
0
3
0
0
0
1
3
2
2
1
3
2
1
1
1
0
0
3
1
2
3
0
2
0
3
3
0
3
4
0
3
1
1
1
0
1
0
3
3
3
2
3
2
2
2
1
0
0
2
0
2
1
3
1
0
1
4
0
2
0
0
2
1
1
0
0
0
3
3
2
2
2
1
2
0
1
1
0
3
3
0
1
2
1
0
1
2
3
2
2
1
1
0
0
1
2
1
1
2
0
2
1
1
1
5
2
0
0
3
2
5
1
1
0
1
2
1
0
1
0
0
0
1
2
0
2
2
3
0
2
4
4
2
2
1
2
0
1
2
3
1
3
0
3
1
2
5
5
0
2
2
2
3
1
2
1
2
1
5
1
4
4
0
0
