0
0
0
0
0
0
0
0
0
0
0
0
0
0
0
0
0
0
0
9
102
171
154
163
164
145
158
153
147
150
161
152
164
169
150
164
177
174
187
169
157
210
203
232
283
233
266
255
251
238
255
245
235
250
230
194
196
211
214
214
191
200
205
197
197
193
204
239
195
237
238
216
243
200
226
234
249
235
220
222
254
264
242
253
234
282
224
219
261
220
230
237
243
221
221
227
214
242
226
209
259
232
207
220
216
250
206
224
213
226
224
246
211
228
233
256
210
232
235
240
217
254
262
225
247
230
236
229
244
259
225
227
254
251
214
226
244
256
234
214
212
241
202
241
217
205
195
214
224
225
216
201
195
214
180
188
185
200
214
176
188
154
204
188
186
185
203
174
166
194
190
200
164
191
179
162
194
178
175
190
182
181
197
184
174
176
156
152
159
182
174
158
159
154
155
196
167
148
172
152
170
170
156
170
148
165
147
168
174
140
154
160
163
166
169
158
135
179
167
146
160
164
164
157
153
146
148
144
177
154
146
166
149
171
168
148
161
166
159
147
161
156
155
152
134
160
158
164
149
166
141
156
150
147
166
155
155
145
182
155
161
161
126
163
139
178
147
164
162
159
146
126
183
134
134
163
155
143
140
161
139
161
150
136
113
139
132
125
134
139
123
141
138
132
114
130
108
128
113
138
113
126
122
98
97
113
107
109
117
104
90
87
92
91
74
96
92
74
79
61
72
73
77
94
64
84
88
72
66
79
90
80
67
71
69
79
83
66
78
72
67
76
64
89
63
59
66
72
69
50
54
52
62
72
64
73
77
47
49
63
55
60
60
60
53
61
73
62
76
63
60
61
52
58
62
77
65
77
60
54
56
78
70
71
72
82
88
75
97
80
94
79
92
81
102
108
118
112
120
127
122
142
141
131
164
181
169
198
189
183
214
243
251
271
280
270
310
314
319
322
333
406
354
385
411
387
430
449
461
427
471
411
486
491
490
494
514
511
504
506
524
495
445
496
501
503
502
447
429
433
436
419
386
383
404
360
347
331
315
283
282
271
237
236
218
195
190
167
158
145
138
132
102
98
97
91
87
62
67
52
69
55
46
40
33
34
37
23
29
18
29
21
20
17
20
9
9
10
10
11
5
15
9
9
5
4
3
7
7
4
5
6
6
8
5
3
5
5
2
5
5
3
4
3
3
3
3
4
1
1
1
5
4
7
7
7
5
7
1
6
5
2
2
6
4
3
3
3
5
6
4
4
3
5
1
3
5
3
1
2
7
1
3
2
4
1
2
6
1
3
5
2
1
4
4
0
7
5
3
3
1
1
1
1
1
0
1
5
4
3
2
2
2
2
3
5
1
4
4
4
2
3
5
4
0
1
6
4
4
5
0
2
5
3
2
3
2
2
1
2
6
8
6
2
4
2
1
4
4
3
6
4
2
5
0
5
2
1
3
3
0
2
4
2
2
0
4
1
4
3
3
4
0
6
2
4
3
5
6
7
1
1
2
4
5
2
2
3
3
0
5
0
2
3
3
4
3
1
1
3
3
1
1
2
3
4
3
3
1
3
5
2
4
4
2
3
6
2
2
3
4
1
5
4
2
5
2
3
1
1
1
4
1
1
5
4
4
2
1
1
2
1
2
0
2
5
2
2
1
5
2
6
2
4
0
0
0
4
3
4
1
2
1
3
1
2
1
2
1
4
0
2
2
2
5
2
2
1
2
2
2
3
3
8
2
3
1
2
1
5
3
3
1
2
3
2
2
0
0
5
1
4
4
0
5
2
3
2
5
3
2
3
3
2
2
1
4
0
3
3
2
3
1
2
3
2
1
2
2
3
2
2
2
3
1
5
1
3
2
1
0
2
3
4
1
2
1
0
2
3
3
2
3
2
5
3
4
4
2
2
3
0
0
2
6
2
3
1
3
6
2
1
2
3
2
1
2
2
2
2
3
2
3
1
2
3
2
3
0
1
0
0
1
2
2
0
3
3
2
0
5
0
1
0
1
1
1
1
0
2
4
3
2
1
2
3
1
0
2
1
1
0
2
1
2
1
0
0
0
0
0
3
2
2
0
0
0
0
2
1
0
0
0
2
3
0
1
0
1
1
3
2
0
2
2
0
0
1
0
1
0
3
1
1
3
3
0
2
0
1
1
2
1
0
0
1
0
1
1
1
1
3
1
1
0
0
0
0
1
0
1
1
1
0
1
1
2
1
0
1
2
2
1
1
3
0
2
0
4
3
1
1
2
1
4
3
1
2
1
0
1
3
2
3
1
1
2
1
1
3
0
2
1
1
3
1
3
0
5
1
2
2
0
0
