0
0
0
0
0
0
0
0
0
0
0
0
0
0
0
0
0
0
0
4
74
115
129
124
125
137
123
120
121
126
112
123
113
137
134
110
134
150
150
147
134
187
152
186
187
180
200
205
204
187
189
200
169
193
145
165
178
174
132
156
146
150
171
171
160
146
174
162
163
168
164
167
166
187
165
170
186
189
213
202
185
205
189
170
194
175
201
190
172
204
198
185
182
198
171
197
214
187
190
163
164
150
190
169
177
169
171
177
151
194
190
156
198
168
165
180
176
229
194
177
199
174
179
186
148
179
171
168
172
190
175
179
176
175
139
181
181
166
141
167
161
167
165
156
147
156
153
161
149
135
144
136
153
153
144
145
139
144
122
142
138
144
142
162
137
150
134
130
138
138
120
120
117
124
103
142
127
116
128
128
117
121
120
137
126
124
122
133
106
115
128
143
118
148
136
123
108
104
122
131
114
112
109
113
83
104
96
110
119
113
120
99
116
110
113
123
105
114
100
101
118
114
99
85
91
107
101
108
77
99
86
85
100
84
99
83
88
74
76
75
79
89
87
64
84
78
79
60
88
63
71
79
65
48
60
55
55
60
63
59
56
62
62
76
61
58
61
71
65
68
47
49
52
57
60
63
58
64
43
61
47
47
70
50
79
53
44
58
68
53
49
58
63
51
41
54
58
52
70
44
71
56
63
51
64
65
63
68
70
57
59
70
69
79
66
79
87
66
77
93
85
89
96
114
96
102
105
100
143
120
149
143
151
174
164
179
176
197
192
210
254
232
233
281
260
279
321
292
285
316
321
325
343
338
342
343
331
378
349
372
353
381
398
403
376
391
368
369
404
357
350
371
345
315
349
317
336
314
278
272
251
254
249
227
204
191
207
163
189
162
142
134
118
122
120
106
118
78
94
80
72
72
54
50
38
44
38
39
34
35
25
30
30
33
29
33
30
28
23
31
13
15
15
27
21
20
15
17
20
10
23
14
18
13
10
14
9
12
11
14
11
13
11
9
14
7
10
6
8
9
6
5
8
3
11
4
6
4
3
7
8
5
4
8
8
7
5
4
6
6
3
9
4
4
5
1
2
4
2
7
5
5
2
4
6
8
3
5
3
5
9
1
6
3
5
4
3
5
1
4
7
5
3
3
2
6
2
4
4
7
7
2
5
2
7
4
1
5
5
1
1
2
5
1
2
1
2
4
3
2
3
6
5
4
1
2
4
4
4
4
0
7
3
3
3
2
2
7
1
4
4
4
2
1
5
3
1
5
4
3
5
1
3
7
2
0
5
2
0
2
7
4
1
3
6
1
4
8
1
6
2
1
1
6
6
3
4
2
4
4
3
4
6
2
0
3
4
0
5
1
4
5
1
3
5
1
5
4
2
2
3
1
2
4
3
6
3
3
5
5
3
3
7
1
2
6
4
4
5
3
5
5
4
2
3
1
7
4
5
3
3
2
4
1
2
5
1
4
4
4
2
3
1
4
7
3
0
1
7
4
3
2
2
2
0
3
5
2
4
3
4
4
2
4
4
4
1
1
2
2
1
2
3
3
3
4
5
0
0
2
4
4
3
6
1
2
2
3
4
2
2
5
3
1
3
3
1
3
2
5
2
1
2
1
2
1
1
4
4
4
1
3
3
1
1
1
3
4
5
2
1
4
1
4
2
0
2
5
1
2
2
0
4
3
4
4
3
2
0
1
0
3
4
1
2
1
1
1
3
3
3
3
0
3
1
4
4
1
3
2
1
2
2
4
3
2
2
3
2
1
1
3
3
1
2
2
4
2
1
2
3
0
5
2
3
4
0
0
1
3
0
2
5
1
2
0
3
6
2
7
4
3
4
1
1
1
2
1
1
1
1
1
1
4
3
1
4
3
6
0
0
1
3
4
3
2
3
1
3
0
2
2
2
1
4
1
1
3
1
2
3
3
0
1
4
1
4
3
1
2
2
2
3
2
0
1
3
2
1
1
0
3
1
1
1
2
2
2
2
0
0
0
2
1
0
1
6
1
1
1
0
1
1
4
3
3
0
4
1
2
2
2
1
2
3
1
1
1
0
3
2
2
2
2
1
2
4
0
0
1
1
1
1
0
1
0
0
0
0
3
0
2
0
1
0
0
0
0
1
2
1
0
0
1
1
0
0
2
0
0
0
2
2
0
0
1
1
0
1
1
1
0
3
2
0
1
1
1
3
0
1
1
1
4
0
1
0
0
1
1
0
1
1
0
1
0
1
0
1
0
1
0
1
0
4
0
0
1
1
2
0
0
1
0
1
5
3
0
1
3
0
0
2
1
2
1
2
1
0
1
0
1
0
0
