0
0
0
0
0
0
0
0
0
0
0
0
0
0
0
0
0
0
0
0
10
26
19
17
21
27
27
11
23
14
22
28
28
27
28
38
28
24
33
36
32
39
48
50
63
63
76
65
62
54
39
50
43
53
27
50
30
47
42
43
39
34
28
31
37
29
44
37
39
36
50
38
29
36
41
20
45
38
47
52
39
43
44
39
39
40
44
39
42
46
44
38
50
45
45
31
47
41
35
37
39
30
31
36
31
30
39
35
40
32
29
30
33
32
42
38
42
27
33
35
39
26
39
28
24
26
25
17
33
35
30
33
36
20
25
19
22
26
27
20
22
28
23
23
20
21
34
25
22
30
23
22
24
20
24
20
30
21
20
31
32
24
22
23
26
17
20
21
24
21
12
17
19
21
14
11
23
19
17
13
12
10
20
20
14
20
17
12
14
21
9
12
19
23
14
13
12
19
17
16
15
12
20
12
13
13
17
21
9
11
15
13
19
13
10
19
11
13
17
11
9
9
10
16
11
12
10
12
16
12
11
7
9
8
15
10
9
6
15
12
8
9
10
14
9
7
14
6
9
14
6
9
13
12
9
9
12
12
8
15
12
9
3
8
12
10
13
10
9
8
15
13
10
13
12
11
6
11
8
13
12
9
7
17
6
13
8
14
8
2
6
9
8
8
10
10
2
14
7
12
3
10
11
12
14
7
8
13
6
10
8
13
7
7
7
7
6
10
7
11
8
13
7
11
8
6
9
6
6
12
4
9
10
9
4
12
10
8
5
6
7
6
9
6
12
13
7
7
13
11
8
13
9
12
6
10
5
15
11
12
8
11
11
11
13
9
11
5
13
14
10
10
7
8
12
7
7
8
11
2
7
11
7
11
8
8
5
6
5
3
10
5
9
6
8
7
7
5
11
2
10
3
6
4
10
4
4
8
5
8
7
3
6
6
5
8
3
3
11
6
6
2
8
9
6
4
3
8
8
7
2
8
8
2
6
1
1
7
5
7
9
6
2
7
1
4
5
3
12
5
5
5
7
4
3
5
4
3
9
8
4
1
6
7
4
5
5
6
1
7
6
4
4
6
10
4
6
6
1
3
3
6
2
4
4
9
5
5
8
6
3
4
5
5
5
5
2
5
5
5
4
4
3
1
4
1
2
3
3
0
6
1
2
3
5
1
3
4
0
5
5
3
7
2
2
5
2
4
2
8
3
6
3
7
3
2
3
3
2
2
6
2
7
4
4
4
7
7
3
1
2
6
3
4
3
4
5
3
0
4
3
3
6
6
9
4
4
4
1
2
2
4
3
5
3
1
2
6
3
2
6
4
4
4
5
6
6
5
3
3
7
4
3
2
4
2
3
2
2
3
1
4
8
5
3
2
1
3
3
3
1
5
1
8
4
5
3
5
3
0
2
3
2
3
3
2
6
6
2
2
2
2
3
3
4
2
3
3
3
2
4
4
2
2
0
4
7
2
1
1
3
3
5
4
1
0
0
5
3
1
2
2
1
1
3
2
3
4
2
5
3
4
1
2
1
3
2
1
4
1
3
2
1
2
3
2
0
2
2
3
5
5
4
0
3
0
3
2
1
3
4
6
2
4
3
2
1
2
1
3
3
2
1
1
4
5
4
6
3
5
3
3
0
2
2
0
2
3
2
2
2
3
0
3
4
3
1
3
1
1
2
1
4
1
3
2
3
3
1
3
3
0
0
2
2
2
4
1
4
4
4
3
0
2
3
3
1
2
0
5
1
3
5
5
3
2
3
4
2
4
3
3
4
2
2
2
1
1
4
2
1
1
1
3
6
0
3
3
2
3
2
0
0
2
3
3
0
1
2
1
3
0
2
3
1
3
1
1
3
1
1
0
2
4
2
2
2
2
2
0
1
3
4
2
2
1
4
0
0
2
0
3
1
3
1
2
0
1
1
3
3
1
2
2
3
0
3
2
1
0
1
2
3
3
2
2
3
2
5
0
2
2
2
3
1
0
0
0
3
2
5
2
0
3
0
1
3
0
0
1
0
4
1
1
0
1
3
2
1
1
0
2
1
3
0
1
1
1
1
1
2
4
0
2
1
1
1
1
2
1
2
3
1
0
3
3
1
1
1
0
1
1
0
0
0
0
0
1
0
1
0
1
2
0
1
1
1
2
0
1
0
1
0
1
1
0
0
1
0
0
2
2
1
0
0
1
1
2
0
2
0
0
2
3
2
4
1
0
2
3
1
0
2
0
0
0
0
1
0
1
2
6
2
3
2
0
2
1
2
2
0
1
0
1
0
1
2
2
0
3
4
1
2
0
0
4
0
0
3
3
1
1
0
0
