0
0
0
0
0
0
0
0
0
0
0
0
0
0
0
0
0
0
0
4
64
82
74
85
84
86
74
90
100
78
88
103
100
84
102
97
90
99
94
104
117
112
143
137
149
171
146
160
154
159
137
137
149
124
139
135
125
129
142
109
115
123
117
112
114
111
136
118
122
112
126
120
126
130
127
134
130
156
162
139
174
155
155
157
153
127
152
145
152
153
164
150
139
135
130
138
133
141
141
138
129
149
128
151
150
163
138
145
141
136
130
156
141
134
142
117
124
141
127
126
124
106
137
131
143
130
124
135
127
140
118
108
142
132
131
132
107
112
106
113
130
133
97
107
112
106
116
118
105
103
115
129
106
96
110
116
89
97
95
103
88
96
84
94
100
82
93
84
94
81
85
89
67
68
95
80
74
60
77
76
72
82
69
74
74
58
82
70
63
71
66
73
73
68
60
61
65
78
62
82
57
62
54
65
61
55
44
63
58
57
54
72
45
58
66
44
55
66
52
65
60
52
54
51
49
71
50
52
60
65
56
53
58
64
56
61
51
62
63
72
57
63
52
69
69
62
82
75
68
89
84
87
95
112
95
101
114
142
120
154
137
133
141
176
173
174
199
199
234
215
253
235
264
247
283
299
291
304
303
285
333
310
304
322
336
338
340
323
333
327
299
323
313
317
307
293
282
293
272
237
232
249
267
221
195
214
182
169
139
154
112
136
116
119
87
72
87
79
76
56
61
59
59
41
49
44
28
33
25
23
28
33
28
22
34
26
24
28
23
22
18
26
15
20
9
13
16
25
19
14
9
18
17
16
13
12
11
11
11
15
10
12
8
9
6
11
11
9
14
16
16
13
13
11
12
15
10
11
10
12
6
7
7
12
8
12
4
10
12
5
10
8
5
7
9
7
6
9
8
3
8
9
9
4
8
5
8
4
9
2
10
5
6
10
5
4
0
9
5
10
6
4
8
5
6
11
4
11
7
6
8
6
8
7
9
5
4
7
7
5
8
5
7
4
6
6
7
6
5
2
4
2
4
7
7
4
11
4
6
4
5
5
3
4
3
7
5
7
5
3
1
1
3
2
7
5
3
3
2
2
5
7
2
7
3
5
2
5
1
6
4
5
5
8
5
4
2
3
6
1
4
8
5
9
3
0
5
5
1
2
5
3
1
2
7
8
3
3
2
0
4
7
1
6
3
4
2
5
4
2
1
4
3
3
6
4
6
0
2
2
6
1
3
3
4
5
5
3
5
3
3
4
4
8
4
5
3
3
1
3
2
8
2
2
3
2
2
4
1
3
4
6
1
0
1
3
3
2
2
2
1
2
5
4
1
2
3
2
1
2
5
4
1
0
4
2
4
3
5
2
2
5
2
4
5
4
1
1
1
4
1
0
1
3
8
5
1
3
5
2
3
4
2
3
5
3
3
3
4
2
2
7
2
2
2
2
2
3
1
2
3
4
3
2
1
2
7
4
4
4
5
4
4
4
3
0
0
10
1
5
3
5
5
2
3
2
1
1
2
4
0
3
3
3
1
1
4
1
2
3
5
3
5
5
1
3
4
1
1
4
3
2
3
4
3
1
3
4
2
4
2
6
3
1
1
3
0
0
3
2
2
0
4
1
2
5
1
1
2
3
3
5
0
0
0
1
3
1
1
3
2
0
2
0
5
3
5
1
2
4
1
2
1
2
3
3
1
4
1
1
2
5
5
2
3
1
1
1
4
2
2
4
2
3
1
1
5
4
4
3
4
2
1
2
1
3
3
1
1
4
3
3
0
0
3
4
1
2
2
0
1
3
1
7
0
4
1
2
0
0
3
3
0
0
3
0
4
3
1
3
6
3
2
1
3
2
1
5
3
2
1
0
1
0
4
2
5
3
6
0
6
1
1
4
1
4
0
4
2
1
0
2
0
0
2
2
2
6
1
1
0
6
2
2
1
3
3
1
0
1
4
1
2
0
2
2
1
1
0
5
1
0
1
3
1
1
3
2
2
1
1
2
5
2
0
0
1
4
0
1
0
0
0
1
0
1
1
1
1
2
2
0
0
1
2
0
1
2
4
1
2
1
0
0
2
0
0
1
0
0
0
0
1
2
4
0
2
0
1
2
1
1
1
4
0
0
1
0
2
0
0
3
0
2
1
1
1
0
0
2
1
0
0
0
3
1
2
2
0
1
0
1
0
0
3
0
2
2
1
0
2
0
2
1
2
0
0
0
0
2
0
3
1
0
2
1
0
3
1
1
0
2
3
1
1
3
1
0
0
2
3
0
2
0
3
4
0
1
4
2
1
0
5
4
1
4
1
2
1
0
2
1
0
0
