0
0
0
0
0
0
0
0
0
0
0
0
0
0
0
0
0
0
0
1
14
24
24
23
23
25
15
15
22
26
27
31
26
35
32
28
31
41
24
41
39
54
47
45
62
65
59
47
56
55
54
53
50
52
39
46
46
35
30
30
33
45
29
32
39
31
33
37
35
38
34
37
31
27
34
22
51
37
49
40
36
37
42
35
52
46
39
43
45
44
37
46
35
46
43
44
38
31
43
37
37
41
48
36
34
28
40
32
29
35
25
33
31
29
36
26
29
27
29
33
26
28
32
37
27
25
24
24
28
32
32
20
27
31
24
20
20
27
24
31
20
27
29
24
25
26
24
25
20
26
20
24
20
19
32
28
22
26
29
24
16
17
26
16
19
15
23
22
25
13
17
22
16
7
14
19
18
10
17
12
17
14
18
18
25
19
16
12
13
16
13
22
17
11
20
11
14
17
14
12
16
8
14
11
9
21
17
19
16
18
14
13
10
11
13
14
13
6
19
12
12
10
10
14
11
12
8
20
11
15
9
13
14
15
12
9
7
8
10
14
8
13
12
14
8
15
10
8
10
15
12
10
10
13
6
7
11
11
12
15
8
9
6
4
11
10
10
10
13
8
8
6
6
11
4
13
9
8
6
7
8
8
6
8
9
9
8
6
5
8
7
15
10
9
10
9
10
8
8
7
14
6
2
8
8
7
9
12
11
10
11
8
10
12
12
8
7
9
12
10
7
7
7
10
12
5
6
14
7
6
6
5
12
11
9
3
11
8
9
5
7
8
3
10
8
10
5
3
11
12
4
6
7
10
4
6
4
5
6
7
3
4
6
7
6
6
8
10
6
3
10
4
8
10
8
7
8
7
3
5
11
13
6
6
9
11
8
8
4
6
4
3
2
8
6
7
4
4
3
5
6
7
10
6
5
10
6
3
3
3
5
5
4
7
7
3
7
6
7
5
9
6
2
7
6
5
4
3
9
6
5
3
7
2
8
10
7
3
2
7
3
5
7
6
10
6
5
8
3
8
1
6
7
2
3
5
8
6
9
6
4
7
6
4
1
2
3
8
4
8
1
4
4
4
0
5
5
6
3
3
7
5
2
6
4
5
6
6
3
3
4
7
5
6
7
4
4
3
7
2
4
3
3
4
3
8
6
10
2
3
4
6
5
2
6
0
2
3
2
0
6
3
5
2
4
2
4
4
4
1
2
3
3
2
3
3
4
6
6
3
3
4
3
4
3
2
3
7
3
3
3
2
3
1
0
5
2
3
0
3
3
7
2
4
4
3
2
3
3
3
1
3
5
2
2
3
2
3
2
3
1
3
3
3
4
5
7
2
0
1
3
2
3
2
2
5
0
1
2
3
4
3
4
2
2
3
0
3
3
2
2
6
4
3
6
6
1
6
2
9
4
2
4
6
5
1
4
4
4
5
3
2
2
6
2
8
3
2
2
4
0
1
6
8
2
2
4
5
3
4
4
0
2
6
0
3
4
2
4
4
0
2
2
4
1
6
3
2
5
4
5
2
7
5
4
3
3
1
7
2
2
1
4
2
1
2
1
4
2
2
3
5
3
1
3
2
1
1
2
4
2
3
1
4
3
2
1
0
2
4
1
2
3
2
5
3
3
6
3
3
4
4
1
4
2
4
2
4
1
5
1
4
4
1
4
2
2
1
3
1
2
0
3
5
3
3
1
1
2
2
5
4
3
3
2
1
1
5
4
3
1
0
1
2
1
3
3
2
3
2
1
3
1
3
6
1
2
3
1
3
2
2
0
1
6
1
3
2
4
1
4
5
3
4
8
3
2
1
1
6
1
2
4
6
1
3
2
1
2
4
3
3
0
2
3
2
4
2
2
3
1
1
2
2
3
1
1
0
3
4
3
0
0
1
4
2
5
4
6
1
5
3
1
0
2
1
1
0
2
1
5
1
0
6
2
1
1
3
3
1
1
1
2
2
0
3
1
0
2
0
0
2
2
1
1
0
1
1
2
2
1
4
1
1
1
2
1
2
1
0
0
0
1
1
0
1
0
4
0
0
0
0
1
0
1
0
1
1
2
0
0
0
2
0
1
3
1
0
1
3
3
2
0
1
0
2
0
1
0
1
1
2
0
1
1
1
1
0
0
0
1
0
0
3
0
0
0
5
2
3
0
1
2
1
0
2
1
1
1
2
0
1
0
2
1
2
4
1
1
0
3
1
2
1
0
1
0
1
1
1
0
1
1
1
2
1
2
2
0
0
1
1
1
0
1
0
2
1
5
2
0
3
2
0
6
3
2
1
1
0
4
2
2
3
0
4
0
1
0
2
3
4
0
0
