0
0
0
0
0
0
0
0
0
0
0
0
0
0
0
1
0
0
0
4
35
79
68
75
67
70
73
71
48
62
62
81
65
72
73
67
68
61
86
93
89
100
108
108
107
129
110
135
116
137
115
130
116
102
103
115
111
116
109
96
90
84
107
78
99
94
98
94
100
90
105
91
114
98
103
118
108
125
113
110
121
139
116
136
137
144
130
117
136
157
129
125
127
149
120
119
144
145
145
109
129
149
112
126
132
143
131
131
138
114
126
117
120
118
126
120
98
118
118
114
109
129
90
89
88
116
98
86
104
88
90
90
79
70
74
79
94
69
94
84
75
77
83
75
77
89
83
79
72
76
78
72
54
75
82
80
73
77
68
82
66
80
71
57
74
82
72
62
67
63
83
84
64
60
78
59
77
61
71
75
45
68
71
69
62
71
65
85
78
61
77
74
99
79
81
93
82
91
110
122
108
119
117
143
137
140
146
166
177
191
197
194
231
226
277
273
286
281
285
308
321
328
333
336
385
354
355
357
351
337
337
341
327
332
356
297
306
282
285
250
249
244
223
192
179
167
146
148
146
103
96
92
90
89
82
57
70
58
58
54
37
52
45
37
37
36
33
27
29
41
35
32
29
36
32
37
17
22
31
28
19
15
25
19
18
21
21
20
18
20
10
14
13
17
12
13
25
13
15
13
10
10
16
9
21
15
9
12
12
7
10
10
8
14
8
6
11
6
8
10
8
6
10
4
7
8
4
8
7
11
7
9
9
5
7
6
7
7
5
3
5
6
3
8
10
7
9
7
6
4
8
8
3
8
10
4
8
4
8
11
7
8
7
5
4
10
8
9
11
7
3
8
10
8
10
6
7
6
10
3
6
1
4
5
8
5
5
4
4
3
2
5
2
9
2
6
7
9
7
5
5
9
5
5
9
5
2
2
8
7
8
2
10
8
4
8
7
3
6
8
7
3
8
6
4
6
9
2
6
5
6
4
6
4
6
5
6
8
7
4
3
2
8
4
8
5
5
5
5
5
2
8
5
3
5
7
5
4
5
3
5
10
3
8
5
6
9
5
3
2
5
2
3
4
8
2
9
3
3
6
6
4
7
3
4
5
6
4
7
3
6
1
4
3
3
7
5
7
5
3
4
3
5
5
3
6
5
1
5
8
4
3
2
1
4
2
2
2
4
6
6
8
4
3
5
1
5
5
6
6
8
6
6
2
5
3
3
3
2
1
7
4
4
2
1
8
4
4
1
4
5
8
6
1
2
4
3
1
1
3
5
8
1
4
4
2
3
5
4
7
3
6
4
0
1
4
5
1
2
3
4
1
4
6
4
1
7
1
2
0
1
1
4
0
3
3
1
2
3
6
5
3
2
2
3
2
4
0
4
3
2
2
3
2
3
1
4
4
3
2
2
3
5
3
1
1
7
2
6
2
1
0
4
1
2
1
2
0
0
2
2
3
4
2
1
0
5
4
4
2
0
2
2
4
5
2
6
2
4
1
5
3
6
6
4
3
2
3
1
4
4
0
2
1
4
9
4
2
3
2
4
0
2
2
1
5
4
2
3
2
3
0
1
2
1
5
4
4
2
2
3
2
3
4
3
4
2
3
3
3
1
2
0
4
3
3
0
5
3
4
1
2
6
4
2
5
0
4
2
2
3
1
4
1
2
6
1
4
5
2
3
2
1
3
4
0
1
3
2
0
2
3
3
4
1
6
4
1
1
0
1
2
2
1
0
4
3
2
1
1
1
0
3
1
1
5
2
0
1
2
1
3
3
0
3
3
4
1
1
2
2
4
3
3
2
0
1
3
3
5
2
1
1
0
4
1
3
2
0
3
3
2
1
5
2
3
1
3
2
0
3
2
2
1
7
2
0
0
1
2
2
1
4
2
0
2
1
3
0
2
1
2
4
1
1
3
6
6
0
3
0
2
2
0
2
2
3
0
3
0
3
0
0
1
1
0
2
0
1
1
2
4
2
0
1
0
3
2
1
3
1
3
1
1
2
1
1
1
1
2
4
0
1
2
0
2
1
3
1
2
1
2
1
0
0
0
4
0
1
2
3
1
0
0
0
1
1
0
0
1
0
1
1
0
0
1
0
1
1
2
0
0
0
1
2
0
1
2
0
1
3
0
1
0
0
1
2
2
0
1
0
1
2
1
0
2
1
0
1
0
1
1
3
0
1
4
1
1
1
1
1
2
0
2
0
2
0
1
1
2
1
2
1
2
1
0
4
1
2
0
0
1
4
0
2
0
1
1
0
2
2
3
1
2
0
0
0
1
4
1
1
2
2
2
1
2
1
0
2
1
2
1
0
0
