8.0  83
7.9  134
7.8  205
7.7  559
7.6  1084
7.5  2214
7.4  3745
7.3  6662
7.2  8870
7.1  10903
7.0  11760
6.9  11140
6.8  9494
6.7  7007
6.6  4918
6.5  3368
6.4  2361
6.3  1670
6.2  1230
6.1  885
6.0  668
5.9  544
5.8  498
5.7  405
5.6  470
5.5  577
5.4  711
5.3  863
5.2  1158
5.1  1487
5.0  1913
4.9  2180
4.8  2379
4.7  2531
4.6  2543
4.5  2520
4.4  2534
4.3  2435
4.2  2432
4.1  2409
4.0  2389
3.9  2372
3.8  2359
3.7  2454
3.6  2449
3.5  2412
3.4  2396
3.3  2493
3.2  2433
3.1  2510
3.0  2533
2.9  2562
2.8  2716
2.7  2768
2.6  2885
2.5  3205
2.4  3342
2.3  3550
2.2  3691
2.1  3629
2.0  3263
1.9  2890
1.8  2643
1.7  2558
1.6  2503
1.5  2491
1.4  2483
1.3  2457
1.2  2476
1.1  2419
1.0  2624
0.9  2552
0.8  2634